repo,issue_id,commit_sha,filename,file_status,additions,deletions,changes,patch,gpt_bug_detection,gpt_bug_detection_with_report
ViveSoftware/ViveInputUtility-Unity,90,86f0e72,Assets/HTC.UnityPlugin/VRModule/Modules/OculusVRModule.cs,modified,1,2,3,"@@ -3,7 +3,6 @@
 using HTC.UnityPlugin.Utility;
 #if VIU_OCULUSVR
 using UnityEngine;
-using HTC.UnityPlugin.Utility;
 using HTC.UnityPlugin.Vive;
 #if UNITY_2017_2_OR_NEWER
 using UnityEngine.XR;
@@ -163,7 +162,7 @@ public override void BeforeRenderUpdate()
                     // FIXME: how to get device id from OVRPlugin?
                     currState.modelNumber = ovrProductName + "" "" + deviceClass;
                     currState.renderModelName = ovrProductName + "" "" + deviceClass;
-                    currState.serialNumber = ovrProductName + "" "" + deviceClass;
+                    currState.serialNumber = ovrProductName + "" "" + node;
 
                     switch (deviceClass)
                     {","{""has_bug"": true, ""bugs"": [{""line_start"": 165, ""line_end"": 165, ""description"": ""Potential conflict in serial number generation for controllers, leading to duplicate keys in a dictionary."", ""buggy_code"": ""currState.serialNumber = ovrProductName + \"" \"" + node;""}]}","{""has_bug"": true, ""bugs"": [{""line_start"": 165, ""line_end"": 165, ""description"": ""The line constructs the serial number using the platform name and the node type, which can lead to duplicate serial numbers for multiple tracking references (e.g., multiple Oculus Rift CV1 TrackingReference) causing a dictionary key conflict."", ""buggy_code"": ""currState.serialNumber = ovrProductName + \"" \"" + node;""}], ""relevance"": ""The bug report indicates that there is a conflict with serial numbers when binding Rift controllers, which is directly related to how the serial number is constructed in the code. The use of the node type in the serial number can lead to duplicates, as multiple tracking references can share the same identifier.""}"
